0.001950277
0.001962363
0.002033687
0.002401195
0.002410367
0.002376309
0.002346145
0.00235888
0.002378512
0.002369412
0.002479798
0.002397433
0.002575625
0.002551332
0.002567558
0.002510562
0.002590351
0.002545348
0.002667055
0.002604467
0.00257471
0.002630189
0.002583051
0.002552287
0.002624879
0.002536742
0.002575524
0.002448327
0.002612867
0.00263262
0.002559889
0.002550277
0.002545158
0.002616503
0.002610785
0.002603244
0.002478883
0.002558977
0.0025673
0.0025673
0.002592868
0.002498803
0.002498803
0.002587944