1
50001
100001
150001
200001
250001
300001
350001
400001
450001
500001
550001
600001
650001
700001
750001
800001
850001
900001
950001
1000001
1050001
1100001
1150001
1200001
1250001
1300001
1350001
1400001
1450001
1500001
1550001
1600001
1650001
1700001
1750001
1800001
1850001
1900001
1950001
2000001
2050001
2100001
2150001
2200001
2250001
2300001
2350001
2400001
2450001
2500001
2550001
2600001
2650001
2700001
2750001
2800001
2850001
2900001
2950001
3000001
3050001
3100001
3150001
3200001
3250001
3300001
3350001
3400001
3450001
3500001
3550001
3600001
3650001
3700001
3750001
3800001
3850001
3900001
3950001
4000001
4050001
4100001
4150001
4200001
4250001
4300001
4350001
4400001
4450001
4500001
4550001
4600001
4650001
4700001
4750001
4800001
4850001
4900001
4950001
5000001
5050001
5100001
5150001
5200001
5250001
5300001
5350001
5400001
5450001
5500001
5550001
5600001
5650001
5700001
5750001
5800001
5850001
5900001
5950001
6000001
6050001
6100001
6150001
6200001
6250001
6300001
6350001
6400001
6450001
6500001
6550001
6600001
6650001
6700001
6750001
6800001
6850001
6900001
6950001
7000001
7050001
7100001
7150001
7200001
7250001
7300001
7350001
7400001
7450001
7500001
7550001
7600001
7650001
7700001
7750001
7800001
7850001
7900001
7950001
8000001
8050001
8100001
8150001
8200001
8250001
8300001
8350001
8400001
8450001
8500001
8550001
8600001
8650001
8700001
8750001
8800001
8850001
8900001
8950001
9000001
9050001
9100001
9150001
9200001
9250001
9300001
9350001
9400001
9450001
9500001
9550001
9600001
9650001
9700001
9750001
9800001
9850001
9900001
9950001
10000001
10050001
10100001
10150001
10200001
10250001
10300001
10350001
10400001
10450001
10500001
10550001
10600001
10650001
10700001
10750001
10800001
10850001
10900001
10950001
11000001
11050001
11100001
11150001
11200001
11250001
11300001
11350001
11400001
11450001
11500001
11550001
11600001
11650001
11700001
11750001
11800001
11850001
11900001
11950001
12000001
12050001
12100001
12150001
12200001
12250001
12300001
12350001
12400001
12450001
12500001
12550001
12600001
12650001
12700001
12750001
12800001
12850001
12900001
12950001
13000001
13050001
13100001
13150001
13200001
13250001
13300001
13350001
13400001
13450001
13500001
13550001
13600001
13650001
13700001
13750001
13800001
13850001
13900001
13950001
14000001
14050001
14100001
14150001
14200001
14250001
14300001
14350001
14400001
14450001
14500001
14550001
14600001
14650001
14700001
14750001
14800001
14850001
14900001
14950001
15000001
15050001
15100001
15150001
15200001
15250001
15300001
15350001
15400001
15450001
15500001
15550001
15600001
15650001
15700001
15750001
15800001
15850001
15900001
15950001
16000001
16050001
16100001
16150001
16200001
16250001
16300001
16350001
16400001
16450001
16500001
16550001
16600001
16650001
16700001
16750001
16800001
16850001
16900001
16950001
17000001
17050001
17100001
17150001
17200001
17250001
17300001
17350001
17400001
17450001
17500001
17550001
17600001
17650001
17700001
17750001
17800001
17850001
17900001
17950001
18000001
18050001
18100001
18150001
18200001
18250001
18300001
18350001
18400001
18450001
18500001
18550001
18600001
18650001
18700001
18750001
18800001
18850001
18900001
18950001
19000001
19050001
19100001
19150001
19200001
19250001
19300001
19350001
19400001
19450001
19500001
19550001
19600001
19650001
19700001
19750001
19800001
19850001
19900001
19950001
20000001
20050001
20100001
20150001
20200001
20250001
20300001
20350001
20400001
20450001
20500001
20550001
20600001
20650001
20700001
20750001
20800001
20850001
20900001
20950001
21000001
21050001
21100001
21150001
21200001
21250001
21300001
21350001
21400001
21450001
21500001
21550001
21600001
21650001
21700001
21750001
21800001
21850001
21900001
21950001
22000001
22050001
22100001
22150001
22200001
22250001
22300001
22350001
22400001
22450001
22500001
22550001
22600001
22650001
22700001
22750001
22800001
22850001
22900001
22950001
23000001
23050001
23100001
23150001
23200001
23250001
23300001
23350001
23400001
23450001
23500001
23550001
23600001
23650001
23700001
23750001
23800001
23850001
23900001
23950001
24000001
24050001
24100001
24150001
24200001
24250001
24300001
24350001
24400001
24450001
24500001
24550001
24600001
24650001
24700001
24750001
24800001
24850001
24900001
24950001
25000001
25050001
25100001
25150001
25200001
25250001
25300001
25350001
25400001
25450001
25500001
25550001
25600001
25650001
25700001
25750001
25800001
25850001
25900001
25950001
26000001
26050001
26100001
26150001
26200001
26250001
26300001
26350001
26400001
26450001
26500001
26550001
26600001
26650001
26700001
26750001
26800001
26850001
26900001
26950001
27000001
27050001
27100001
27150001
27200001
27250001
27300001
27350001
27400001
27450001
27500001
27550001
27600001
27650001
27700001
27750001
27800001
27850001
27900001
27950001
28000001
28050001
28100001
28150001
28200001
28250001
28300001
28350001
28400001
28450001
28500001
28550001
28600001
28650001
28700001
28750001
28800001
28850001
28900001
28950001
29000001
29050001
29100001
29150001
29200001
29250001
29300001
29350001
29400001
29450001
29500001
29550001
29600001
29650001
29700001
29750001
29800001
29850001
29900001
29950001
30000001
30050001
30100001
30150001
30200001
30250001
30300001
30350001
30400001
30450001
30500001
30550001
30600001
30650001
30700001
30750001
30800001
30850001
30900001
30950001
31000001
31050001
31100001
31150001
31200001
31250001
31300001
31350001
31400001
31450001
31500001
31550001
31600001
31650001
31700001
31750001
31800001
31850001
31900001
31950001
32000001
32050001
32100001
32150001
32200001
32250001
32300001
32350001
32400001
32450001
32500001
32550001
32600001
32650001
32700001
32750001
32800001
32850001
32900001
32950001
33000001
33050001
33100001
33150001
33200001
33250001
33300001
33350001
33400001
33450001
33500001
33550001
33600001
33650001
33700001
33750001
33800001
33850001
33900001
33950001
34000001
34050001
34100001
34150001
34200001
34250001
34300001
34350001
34400001
34450001
34500001
34550001
34600001
34650001
34700001
34750001
34800001
34850001
34900001
34950001
35000001
35050001
35100001
35150001
35200001
35250001
35300001
35350001
35400001
35450001
35500001
35550001
35600001
35650001
35700001
35750001
35800001
35850001
35900001
35950001
36000001
36050001
36100001
36150001
36200001
36250001
36300001
36350001
36400001
36450001
36500001
36550001
36600001
36650001
36700001
36750001
36800001
36850001
36900001
36950001
37000001
37050001
37100001
37150001
37200001
37250001
37300001
37350001
37400001
37450001
37500001
37550001
37600001
37650001
37700001
37750001
37800001
37850001
37900001
37950001
38000001
38050001
38100001
38150001
38200001
38250001
38300001
38350001
38400001
38450001
38500001
38550001
38600001
38650001
38700001
38750001
38800001
38850001
38900001
38950001
39000001
39050001
39100001
39150001
39200001
39250001
39300001
39350001
39400001
39450001
39500001
39550001
39600001
39650001
39700001
39750001
39800001
39850001
39900001
39950001
40000001
40050001
40100001
40150001
40200001
40250001
40300001
40350001
40400001
40450001
40500001
40550001
40600001
40650001
40700001
40750001
40800001
40850001
40900001
40950001
41000001
41050001
41100001
41150001
41200001
41250001
41300001
41350001
41400001
41450001
41500001
41550001
41600001
41650001
41700001
41750001
41800001
41850001
41900001
41950001
42000001
42050001
42100001
42150001
42200001
42250001
42300001
42350001
42400001
42450001
42500001
42550001
42600001
42650001
42700001
42750001
42800001
42850001
42900001
42950001
43000001
43050001
43100001
43150001
43200001
43250001
43300001
43350001
43400001
43450001
43500001
43550001
43600001
43650001
43700001
43750001
43800001
43850001
43900001
43950001
44000001
44050001
44100001
44150001
44200001
44250001
44300001
44350001
44400001
44450001
44500001
44550001
44600001
44650001
44700001
44750001
44800001
44850001
44900001
44950001
45000001
45050001
45100001
45150001
45200001
45250001
45300001
45350001
45400001
45450001
45500001
45550001
45600001
45650001
45700001
45750001
45800001
45850001
45900001
45950001
46000001
46050001
46100001
46150001
46200001
46250001
46300001
46350001
46400001
46450001
46500001
46550001
46600001
46650001
46700001
46750001
46800001
46850001
46900001
46950001
47000001
47050001
47100001
47150001
47200001
47250001
47300001
47350001
47400001
47450001
47500001
47550001
47600001
47650001
47700001
47750001
47800001
47850001
47900001
47950001
48000001
48050001
48100001
48150001
48200001
48250001
48300001
48350001
48400001
48450001
48500001
48550001
48600001
48650001
48700001
48750001
48800001
48850001
48900001
48950001
49000001
49050001
49100001
49150001
49200001
49250001
49300001
49350001
49400001
49450001
49500001
49550001
49600001
49650001
49700001
49750001
49800001
49850001
49900001
49950001
50000001
50050001
50100001
50150001
50200001
50250001
50300001
50350001
50400001
50450001
50500001
50550001
50600001
50650001
50700001
50750001
50800001
50850001
50900001
50950001
51000001
51050001
51100001
51150001
51200001
51250001
51300001
51350001
51400001
51450001
51500001
51550001
51600001
51650001
51700001
51750001
51800001
51850001
51900001
51950001
52000001
52050001
52100001
52150001
52200001
52250001
52300001
52350001
52400001
52450001
52500001
52550001
52600001
52650001
52700001
52750001
52800001
52850001
52900001
52950001
53000001
53050001
53100001
53150001
53200001
53250001
53300001
53350001
53400001
53450001
53500001
53550001
53600001
53650001
53700001
53750001
53800001
53850001
53900001
53950001
54000001
54050001
54100001
54150001
54200001
54250001
54300001
54350001
54400001
54450001
54500001
54550001
54600001
54650001
54700001
54750001
54800001
54850001
54900001
54950001
55000001
55050001
55100001
55150001
55200001
55250001
55300001
55350001
55400001
55450001
55500001
55550001
55600001
55650001
55700001
55750001
55800001
55850001
55900001
55950001
56000001
56050001
56100001
56150001
56200001
56250001
56300001
56350001
56400001
56450001
56500001
56550001
56600001
56650001
56700001
56750001
56800001
56850001
56900001
56950001
57000001
57050001
57100001
57150001
57200001
57250001
57300001
57350001
57400001
57450001
57500001
57550001
57600001
57650001
57700001
57750001
57800001
57850001
57900001
57950001
58000001
58050001
58100001
58150001
58200001
58250001
58300001
58350001
58400001
58450001
58500001
58550001
58600001
58650001
58700001
58750001
58800001
58850001
58900001
58950001
59000001
59050001
59100001
59150001
59200001
59250001
59300001
59350001
59400001
59450001
59500001
59550001
59600001
59650001
59700001
59750001
59800001
59850001
59900001
59950001
60000001
60050001
60100001
60150001
60200001
60250001
60300001
60350001
60400001
60450001
60500001
60550001
60600001
60650001
60700001
60750001
60800001
60850001
60900001
60950001
61000001
61050001
61100001
61150001
61200001
61250001
61300001
61350001
61400001
61450001
61500001
61550001
61600001
61650001
61700001
61750001
61800001
61850001
61900001
61950001
62000001
62050001
62100001
62150001
62200001
62250001
62300001
62350001
62400001
62450001
62500001
62550001
62600001
62650001
62700001
62750001
62800001
62850001
62900001
62950001
63000001
63050001
63100001
63150001
63200001
63250001
63300001
63350001
63400001
63450001
63500001
63550001
63600001
63650001
63700001
63750001
63800001
63850001
63900001
63950001
64000001
64050001
64100001
64150001
64200001
64250001
64300001
64350001
64400001
64450001
64500001
64550001
64600001
64650001
64700001
64750001
64800001
64850001
64900001
64950001
65000001
65050001
65100001
65150001
65200001
65250001
65300001
65350001
65400001
65450001
65500001
65550001
65600001
65650001
65700001
65750001
65800001
65850001
65900001
65950001
66000001
66050001
66100001
66150001
66200001
66250001
66300001
66350001
66400001
66450001
66500001
66550001
66600001
66650001
66700001
66750001
66800001
66850001
66900001
66950001
67000001
67050001
67100001
67150001
67200001
67250001
67300001
67350001
67400001
67450001
67500001
67550001
67600001
67650001
67700001
67750001
67800001
67850001
67900001
67950001
68000001
68050001
68100001
68150001
68200001
68250001
68300001
68350001
68400001
68450001
68500001
68550001
68600001
68650001
68700001
68750001
68800001
68850001
68900001
68950001
69000001
69050001
69100001
69150001
69200001
69250001
69300001
69350001
69400001
69450001
69500001
69550001
69600001
69650001
69700001
69750001
69800001
69850001
69900001
69950001
70000001
70050001
70100001
70150001
70200001
70250001
70300001
70350001
70400001
70450001
70500001
70550001
70600001
70650001
70700001
70750001
70800001
70850001
70900001
70950001
71000001
71050001
71100001
71150001
71200001
71250001
71300001
71350001
71400001
71450001
71500001
71550001
71600001
71650001
71700001
71750001
71800001
71850001
71900001
71950001
72000001
72050001
72100001
72150001
72200001
72250001
72300001
72350001
72400001
72450001
72500001
72550001
72600001
72650001
72700001
72750001
72800001
72850001
72900001
72950001
73000001
73050001
73100001
73150001
73200001
73250001
1
1
